6.32 6.45 6.7 6.27 1358715;6.23 6.4 6.41 6.23 352049;
6.39 6.49 6.52 6.3 238206;
6.46 6.55 6.69 6.42 207586;6.58 6.48 6.63 6.4 119148;
6.45 6.62 6.63 6.44 166684;6.66 6.99 7.27 6.63 304256;6.9 7.03 7.15 6.88 151826;7.03 7.14 7.17 6.87 106138;7.16 7.27 7.42 7.07 89551;7.3 7.21 7.38 7.15 65778;
7.28 7.31 7.47 7.16 77387;
7.21 7.09 7.39 7.0 70371;7.14 7.11 7.19 7.04 50154;7.05 7.1 7.2 7.03 52184;7.11 7.04 7.18 6.95 44373;7.03 7.19 7.24 7.0 56781;7.19 7.31 7.36 7.13 89767;7.32 7.08 7.37 6.95 61705;7.05 6.78 7.14 6.73 79231;6.78 6.79 6.87 6.57 72657;6.79 6.75 6.81 6.59 81207;6.73 6.57 6.76 6.5 104535;6.55 6.68 6.7 6.46 44116;6.65 6.66 6.72 6.55 57501;6.67 6.84 6.87 6.6 81342;6.84 6.84 7.01 6.78 87229;6.86 6.77 6.9 6.7 58973;6.73 6.74 6.82 6.65 42079;6.73 7.02 7.03 6.71 84955;6.99 6.87 7.02 6.78 61003;6.8 6.83 6.87 6.71 54353;6.8 6.93 6.99 6.76 99168;6.94 7.13 7.25 6.86 137381;7.14 7.25 7.31 7.11 122446;7.25 7.62 7.9 7.25 244689;7.5 7.46 7.64 7.15 217912;7.46 8.21 8.21 7.46 285721;8.21 7.68 8.46 7.65 353198;
7.53 7.86 7.89 7.45 295847;7.8 7.54 7.8 7.3 232209;7.46 7.5 7.63 7.33 83929;7.48 7.47 7.53 7.3 107590;7.45 7.57 7.64 7.4 125380;7.6 7.65 7.66 7.47 145124;7.66 7.46 7.67 7.36 174169;7.44 7.55 7.56 7.35 109678;7.55 7.46 7.64 7.41 111927;7.43 7.4 7.53 7.35 65717;7.38 7.48 7.6 7.37 87382;7.5 7.43 7.62 7.4 86929;7.39 7.36 7.45 7.3 78530;7.37 7.08 7.39 7.0 111387;7.01 7.22 7.29 7.01 88183;7.16 7.28 7.4 7.14 111491;7.25 7.49 7.5 7.15 102529;7.51 7.79 7.87 7.48 173130;7.8 7.75 7.86 7.66 149890;7.73 8.01 8.01 7.62 187588;8.0 8.28 8.37 7.93 243214;8.34 7.85 8.35 7.68 236840;7.84 8.12 8.16 7.61 212270;8.36 8.47 8.56 8.13 361335;8.5 8.16 8.53 8.01 170318;8.01 8.09 8.1 7.7 246218;8.06 8.32 8.47 7.99 254343;8.36 9.14 9.15 8.25 526033;9.12 8.83 10.07 8.3 414589;8.78 8.62 9.15 8.52 406473;8.5 8.49 8.66 7.98 240018;8.47 8.78 8.79 8.4 276462;8.86 8.62 8.92 8.56 199001;8.6 8.08 8.6 8.02 206578;7.99 8.15 8.22 7.92 128654;8.22 7.98 8.24 7.97 89209;7.98 8.03 8.12 7.88 83282;8.1 8.3 8.3 8.05 141137;8.34 8.38 8.49 8.28 143426;8.38 8.73 8.8 8.33 232538;8.72 8.59 8.72 8.45 114089;8.61 8.75 8.78 8.61 123843;8.91 9.09 9.15 8.75 247637;9.07 9.09 9.26 8.96 191486;9.18 9.18 9.24 9.02 178159;9.26 9.12 9.32 9.11 183337;9.16 9.4 9.45 9.03 205385;9.17 8.74 9.25 8.51 218770;
8.73 8.77 8.88 8.64 112441;8.77 8.61 8.88 8.39 120214;8.56 8.7 8.72 8.46 88114;8.72 8.89 8.9 8.69 121822;8.93 9.17 9.25 8.93 169818;9.19 9.04 9.22 8.91 139644;9.04 9.12 9.15 8.93 109830;9.03 9.25 9.25 8.99 191918;9.2 9.06 9.2 8.92 136653;9.06 9.4 9.48 9.05 248819;9.43 9.1 9.5 9.0 165617;8.8 9.09 9.2 8.73 121452;9.12 9.25 9.3 9.06 96358;9.25 9.33 9.39 9.09 154869;9.33 9.4 9.56 9.28 204137;9.2 9.27 9.34 9.05 118786;9.28 9.59 9.65 9.28 176917;9.6 9.79 10.0 9.53 212458;9.8 9.65 9.95 9.2 226247;9.61 9.34 9.87 9.32 176232;9.3 9.44 9.5 9.23 98511;9.45 9.59 9.6 9.33 112763;9.59 9.65 9.7 9.51 120228;9.66 9.9 10.18 9.56 284369;9.82 10.0 10.1 9.7 184681;9.92 10.04 10.3 9.83 194139;10.06 10.12 10.24 10.0 191005;10.1 9.99 10.2 9.75 166774;9.96 10.0 10.08 9.84 187155;10.0 10.24 10.25 9.89 234776;10.25 10.0 10.4 9.98 214366;10.06 10.23 10.35 10.06 167670;10.25 10.64 10.7 10.02 272604;10.59 10.84 10.87 10.35 236748;
10.78 10.08 10.78 9.8 253056;10.18 10.49 10.53 10.18 187780;10.6 10.89 10.97 10.6 239651;10.93 10.9 11.17 10.72 250024;10.91 11.43 11.47 10.71 309310;11.53 11.33 11.65 11.21 173174;11.31 11.1 11.32 10.91 166255;11.08 11.02 11.18 10.75 182050;11.12 11.4 11.46 11.01 215502;11.37 11.11 11.46 10.78 222266;11.1 11.17 11.27 10.89 192870;11.2 11.57 11.62 11.1 326949;11.43 11.63 11.8 11.25 228220;11.65 11.01 11.68 11.0 194133;11.0 11.2 11.22 10.75 140820;11.28 11.28 11.35 11.11 149091;11.28 11.08 11.28 10.96 153451;10.78 11.26 11.27 10.69 167592;11.5 11.8 12.1 11.45 369837;11.81 11.9 11.96 11.61 208340;11.91 11.53 12.0 11.36 200758;11.5 11.66 11.75 11.4 158551;11.76 11.99 12.19 11.68 241421;12.03 12.01 12.1 11.77 210212;11.25 10.87 11.76 10.81 286874;10.85 10.66 11.2 9.91 179660;10.7 10.11 10.98 9.92 186602;10.19 9.16 10.43 9.1 179442;9.15 9.65 9.75 8.45 177421;9.68 9.7 9.9 9.41 138870;9.7 10.04 10.1 9.65 137505;10.04 10.04 10.28 10.0 119426;10.4 10.58 10.68 9.9 170999;10.61 10.74 10.88 10.5 156646;10.73 10.33 10.73 10.29 128333;10.21 10.23 10.45 10.09 86844;10.4 10.41 10.52 10.3 95181;10.23 10.74 10.78 10.22 129384;10.72 10.33 10.77 10.25 110316;10.27 10.21 10.41 10.01 83358;10.18 9.61 10.19 9.33 106298;9.66 9.19 9.92 9.17 102500;9.2 9.54 9.55 9.11 86359;9.53 9.73 9.77 9.2 99465;9.6 9.73 9.81 9.43 118713;9.75 10.03 10.45 9.7 285346;9.96 10.43 10.49 9.9 200157;10.49 10.3 10.58 10.1 101318;10.32 9.73 10.35 9.6 87881;9.42 8.9 9.65 8.81 84650;8.88 9.41 9.49 8.7 74003;
9.4 9.55 9.63 9.27 79558;9.52 9.13 9.54 9.1 55108;9.06 9.24 9.34 9.05 25734;9.24 9.38 9.53 9.1 52316;9.34 9.23 9.4 9.15 23364;9.2 8.97 9.29 8.96 25676;8.93 9.17 9.25 8.93 22023;9.19 9.21 9.34 9.08 24737;9.22 9.19 9.26 9.12 18840;9.22 9.43 9.45 9.15 47783;9.44 9.85 9.85 9.43 99659;9.86 9.71 9.97 9.7 82978;
9.7 9.91 9.94 9.6 92992;9.95 9.99 10.14 9.83 78962;9.98 10.05 10.1 9.85 75821;10.0 10.28 10.32 9.95 99190;10.23 10.15 10.32 10.0 75828;10.2 9.63 10.25 9.6 94542;9.75 9.87 10.0 9.6 69152;9.88 9.93 10.1 9.8 70723;9.97 10.31 10.33 9.97 128692;10.32 10.06 10.34 10.03 80535;10.0 9.89 10.03 9.7 69368;9.97 10.0 10.15 9.96 55883;10.0 10.43 10.49 9.9 177104;10.43 10.58 10.69 10.1 177019;10.57 10.54 10.8 10.41 122650;10.56 10.33 10.62 10.12 93078;10.3 10.63 10.7 10.11 119708;10.55 10.38 10.78 10.38 98021;10.56 10.79 10.87 10.51 107606;10.81 10.77 11.11 10.72 103056;10.61 10.86 10.98 10.55 100015;10.89 11.07 11.08 10.69 113642;11.12 10.92 11.2 10.75 96382;10.92 10.8 11.06 10.71 89213;10.79 10.9 10.95 10.49 91302;10.79 11.25 11.3 10.62 194110;11.36 12.16 12.34 11.25 412899;12.17 11.9 12.2 11.88 189027;
12.11 12.63 13.0 12.11 237218;12.72 12.6 13.0 12.48 162484;12.6 12.69 12.86 12.2 104162;13.05 12.64 13.18 12.62 112720;12.35 12.06 12.58 12.01 161738;11.86 12.38 12.4 11.33 143259;12.28 11.4 12.49 11.3 121303;11.4 11.54 11.75 11.2 83463;11.52 12.1 12.35 11.52 123119;12.18 12.26 12.45 11.96 105903;12.18 13.49 13.5 12.08 311059;13.5 13.71 14.26 13.19 200310;13.85 13.24 13.95 13.15 96592;
13.4 13.44 13.8 13.2 96614;13.3 13.2 13.6 12.72 93626;13.15 13.22 13.3 12.83 90163;13.2 13.81 13.98 13.01 137076;13.9 13.3 13.99 13.27 91583;13.35 13.32 13.5 13.12 61982;13.4 13.44 13.68 13.31 88186;13.92 14.3 14.46 13.51 180378;14.25 14.98 15.27 13.95 173260;15.0 14.7 15.11 14.52 116432;
14.73 14.79 15.26 14.48 106215;15.0 14.64 15.2 14.0 142430;14.99 14.75 15.35 14.35 121764;14.79 14.1 14.79 14.0 144716;14.03 13.94 14.35 13.88 105114;13.9 13.6 13.9 13.4 89967;13.79 13.57 14.17 13.54 60673;13.7 13.12 13.86 12.5 103688;13.1 12.75 13.18 12.66 54514;12.79 11.55 12.79 11.51 90792;11.25 11.95 12.07 11.25 54795;11.96 12.31 12.5 11.96 44181;12.35 12.66 12.69 12.2 38913;12.68 13.15 13.28 12.52 69630;13.05 12.82 13.3 12.81 56471;12.6 12.26 12.83 12.24 39721;12.26 13.04 13.44 12.26 70235;13.0 13.49 13.72 12.9 77892;13.4 13.15 13.48 12.88 40593;13.05 13.01 13.36 12.88 58990;12.95 12.83 13.1 12.6 46983;12.68 12.32 12.98 12.06 44892;12.5 12.42 12.8 12.26 27217;12.51 13.05 13.06 12.44 43257;12.97 13.21 13.42 12.77 67786;13.02 13.25 13.39 13.01 39926;13.25 13.48 13.7 13.25 41125;13.47 14.19 14.21 13.33 99498;14.0 13.8 14.26 13.75 59818;14.58 12.64 14.77 12.59 115940;12.5 12.73 12.96 12.5 51061;
13.0 12.69 13.22 12.48 197464;11.87 11.94 12.3 11.87 66262;12.06 12.14 12.18 11.62 47271;12.12 11.7 12.13 11.62 30446;11.85 12.32 12.49 11.8 39504;12.3 12.35 12.55 12.0 32245;12.36 12.23 12.45 12.11 19535;12.26 12.57 12.58 12.13 33397;12.38 12.85 13.04 12.28 49583;13.0 13.18 13.31 12.76 61141;13.2 13.06 13.25 12.84 48527;13.04 12.54 13.27 12.51 45116;12.25 12.92 13.0 12.01 37118;12.87 13.53 13.62 12.87 127465;13.4 13.73 14.15 13.4 132812;13.88 14.04 14.13 13.68 108672;14.12 14.07 14.65 14.03 137298;14.25 14.18 14.55 13.88 101083;14.3 14.94 15.14 14.29 119514;15.01 15.09 15.47 14.81 93041;
15.1 15.18 15.4 14.91 64784;15.3 16.19 16.3 15.3 130236;16.01 15.89 16.3 15.8 89096;16.0 16.39 16.51 15.61 74973;16.29 16.34 16.64 15.9 113994;16.18 15.85 16.45 15.79 84464;15.9 17.19 17.4 15.9 127899;17.3 16.79 17.4 16.24 82074;
16.53 17.98 18.1 16.4 130639;17.92 18.18 18.35 17.7 106499;18.22 17.51 18.25 17.0 79406;17.9 17.79 17.9 17.12 63161;17.68 17.27 17.68 17.18 71143;17.2 16.93 17.29 16.45 115069;16.77 16.44 17.15 16.11 89356;16.58 16.86 17.13 16.4 77901;16.82 16.84 17.25 16.47 100922;16.5 15.17 16.5 15.16 131158;15.2 16.15 16.27 15.2 68958;16.5 16.64 17.0 15.91 66028;16.9 16.95 17.53 16.65 89240;16.89 15.7 16.89 15.3 58651;15.65 15.97 16.3 15.31 27544;16.1 16.32 16.72 15.8 70703;16.41 16.21 16.5 16.1 37645;16.19 14.99 16.19 14.61 72015;15.55 16.15 16.22 15.48 53070;16.15 16.18 16.78 15.82 47280;15.95 16.37 16.55 15.95 3935;16.0 16.63 17.09 15.83 67217;
16.64 17.0 17.16 16.64 60454;16.99 16.97 17.05 16.42 36937;17.25 17.9 17.9 17.25 80125;17.97 17.34 18.02 17.05 98321;17.08 17.54 17.58 17.06 51240;17.5 16.75 17.67 16.4 61607;16.95 15.99 17.18 15.95 37198;16.5 16.45 16.65 15.68 35459;16.5 16.51 16.64 16.28 44437;16.6 16.49 16.76 16.4 26572;16.5 16.18 16.65 16.01 38824;16.13 16.27 16.49 15.62 61554;16.27 16.52 16.87 16.15 57820;16.35 16.13 16.58 15.81 38605;16.13 15.8 16.33 15.69 44132;15.8 15.4 15.95 15.3 34602;15.3 14.79 15.32 14.63 35240;14.95 14.8 14.95 14.56 27544;15.1 13.93 15.15 13.9 54461;13.8 13.6 13.89 13.28 38880;13.64 13.7 13.82 13.4 19727;13.56 12.68 13.56 12.6 29362;12.5 12.0 12.5 11.41 46102;12.1 12.55 12.92 12.1 59918;12.2 13.53 13.82 12.02 71985;13.5 13.31 13.81 13.16 41741;13.53 13.08 13.68 13.03 36765;12.8 13.43 13.61 12.7 21862;13.65 13.57 13.78 13.41 22334;13.5 13.38 14.08 13.02 34026;13.29 13.7 13.77 13.02 33997;13.55 13.55 14.2 13.25 36775;13.38 12.35 13.59 12.2 73206;12.3 12.85 13.22 11.91 86840;12.5 13.16 13.21 12.5 26325;14.01 13.9 14.1 13.62 70751;13.95 13.44 14.3 13.41 49419;13.18 13.94 13.98 13.03 49629;14.0 13.95 14.27 13.77 31981;13.7 13.17 13.78 12.97 32179;13.17 13.77 13.8 12.92 23597;13.81 13.56 13.93 13.45 17506;13.49 13.31 13.78 13.11 16112;13.34 12.96 13.58 12.88 25065;14.0 12.98 14.0 12.7 35484;12.62 13.22 13.3 11.91 27362;12.98 13.61 13.72 12.83 27231;14.69 14.78 14.97 14.0 137733;14.38 14.38 14.9 14.25 70816;14.23 14.12 14.36 13.91 39862;13.99 14.08 14.41 13.93 41071;14.15 14.44 14.6 14.0 62053;14.63 14.84 14.95 14.3 52078;14.69 15.15 15.31 14.5 69088;14.95 14.2 15.18 14.18 47096;14.01 14.43 14.46 13.98 35329;14.5 14.65 14.97 14.2 46585;14.5 14.75 14.9 14.22 38022;14.32 14.77 14.9 14.21 44067;14.8 15.43 15.49 14.8 82777;15.43 15.31 15.55 15.16 57387;15.15 15.16 15.43 14.64 44563;15.06 15.13 15.29 15.01 20440;15.13 14.41 15.35 14.37 46980;14.28 14.41 14.8 13.7 42563;14.25 13.52 14.25 13.5 32321;13.62 13.55 13.77 13.2 21293;13.41 13.59 13.86 13.35 27320;13.7 13.56 13.74 13.28 16151;13.7 13.94 14.0 13.61 23545;13.89 14.15 14.33 13.72 44018;14.18 14.62 14.71 14.1 52261;14.7 14.51 14.9 14.41 40246;14.46 14.69 14.95 14.46 42215;14.7 14.19 14.77 13.85 33557;13.98 13.83 14.2 13.69 17382;13.86 14.3 14.35 13.81 23885;13.8 13.21 14.1 12.9 28440;13.1 13.29 13.37 12.95 28042;13.18 12.79 13.18 12.56 27543;12.8 12.68 13.3 12.67 31361;12.8 12.15 12.9 12.0 30602;12.25 10.95 12.33 10.94 41049;10.95 11.4 11.75 10.0 52431;11.1 10.59 11.39 10.26 44612;10.59 10.74 11.39 10.15 32442;10.7 11.06 11.21 10.31 23186;11.11 11.35 11.52 11.11 20740;11.45 11.91 12.04 11.33 27275;11.9 12.08 12.09 11.53 28880;11.77 11.7 11.8 11.35 28318;
11.52 12.01 12.19 11.52 22780;11.99 11.6 12.0 11.58 12358;11.65 12.17 12.21 11.61 27107;12.01 12.27 12.7 11.85 26365;12.35 11.76 12.35 11.75 21599;12.28 12.57 12.59 11.93 48566;12.49 13.02 13.15 12.49 39972;12.95 13.09 13.5 12.8 37200;13.09 13.2 13.35 13.0 28004;13.08 13.22 13.28 13.0 10215;13.31 13.18 13.61 12.8 62433;13.01 12.9 13.07 12.58 24572;13.09 12.72 13.09 12.5 16350;12.73 13.2 13.24 12.51 17413;13.1 13.4 13.55 13.01 41844;13.34 13.66 13.82 13.34 38785;13.66 13.3 13.7 13.2 35470;
13.45 13.49 13.64 13.26 24107;13.41 13.25 13.65 13.12 24958;13.23 13.0 13.43 12.89 45036;12.89 12.88 13.0 12.6 18254;13.01 12.48 13.08 12.38 34848;12.38 12.3 12.86 11.8 66906;12.26 12.79 12.88 12.2 24657;12.79 12.92 13.2 12.61 41553;12.9 12.93 13.23 12.71 32281;13.2 13.14 13.2 12.81 17360;13.15 13.26 13.35 12.98 19787;13.26 12.88 13.3 12.31 19148;12.69 12.02 12.69 11.83 20149;12.0 12.2 12.25 11.8 13968;11.93 11.88 12.29 11.5 24657;11.63 11.64 11.85 11.45 15059;11.81 11.7 11.83 11.38 21451;11.7 11.11 11.75 11.02 14813;10.88 11.62 11.66 10.82 13494;11.65 12.78 12.78 11.55 40867;12.98 12.57 13.99 12.41 53281;12.6 11.58 12.62 11.32 47025;11.69 11.83 12.09 11.45 19096;11.74 11.16 11.75 10.89 29669;11.05 10.88 11.29 10.6 30531;10.97 11.1 11.12 10.6 35296;11.16 11.08 11.39 10.69 63279;11.0 10.56 11.0 10.1 40185;10.4 10.77 10.8 10.25 25358;10.48 10.81 10.99 10.48 17732;10.94 10.82 10.98 10.7 12240;10.56 11.11 11.3 10.49 37156;11.14 11.1 11.25 10.89 47420;11.2 11.13 11.2 10.97 9699;11.1 11.19 11.3 10.97 20078;
11.16 11.21 11.58 11.16 20363;11.2 10.82 11.2 10.48 29256;10.75 11.21 11.24 10.75 26528;11.08 10.68 11.08 10.09 54767;11.62 11.75 11.75 11.44 50993;12.8 12.93 12.93 11.8 117038;12.55 12.41 13.06 12.36 64800;
6.0 6.44 6.59 6.0 69733;6.33 6.51 6.65 6.18 131138;6.52 6.56 6.65 6.41 82971;6.52 6.57 6.65 6.41 83154;6.52 6.4 6.68 6.38 58252;6.3 6.39 6.51 6.22 44072;6.25 6.08 6.39 5.97 51020;6.2 6.03 6.25 6.01 39160;5.9 5.57 5.9 5.43 77618;5.45 5.53 5.56 5.24 56597;
5.7 5.4 5.78 5.35 52384;5.39 5.56 5.57 5.35 56537;5.42 5.66 5.82 5.35 89596;5.71 5.69 5.75 5.59 43799;5.7 5.68 5.7 5.5 63115;5.68 5.77 5.83 5.61 43969;5.68 5.68 5.77 5.6 31437;5.56 5.72 5.74 5.5 48414;5.77 5.15 5.78 5.15 168826;4.82 4.65 4.87 4.64 113729;4.64 4.87 4.94 4.44 82140;4.88 4.39 4.88 4.39 137787;4.26 4.13 4.34 3.95 298048;4.08 3.87 4.09 3.86 116040;3.8 3.57 3.8 3.55 119001;3.39 3.73 3.8 3.36 115277;3.75 4.1 4.1 3.67 167259;3.99 4.35 4.51 3.91 233136;4.55 4.38 4.79 4.2 308675;4.35 4.7 4.72 4.35 290591;4.58 4.43 4.64 4.4 214769;4.32 4.38 4.43 4.2 208874;4.3 4.54 4.66 4.25 250334;4.57 4.97 4.99 4.43 411666;5.08 5.47 5.47 4.98 498330;5.51 5.13 5.74 4.92 474541;5.06 5.27 5.41 4.62 555849;5.01 4.96 5.26 4.87 324750;4.65 4.79 4.95 4.47 388209;4.9 4.96 5.11 4.8 310889;5.0 4.92 5.05 4.67 234677;4.89 4.87 4.93 4.62 188773;5.15 4.91 5.29 4.9 448664;4.8 4.5 4.8 4.48 337377;4.32 4.51 4.53 4.22 235843;4.36 4.49 4.63 4.3 186381;4.55 4.7 4.7 4.52 279884;4.76 4.9 5.04 4.72 381744;4.98 5.0 5.08 4.92 467321;5.09 5.19 5.2 5.0 390531;5.22 4.93 5.23 4.92 337421;4.87 5.05 5.08 4.84 197309;5.06 4.79 5.06 4.78 222609;4.75 4.49 4.77 4.4 165646;4.52 4.53 4.63 4.45 97753;4.5 4.53 4.56 4.29 118070;4.54 4.63 4.69 4.4 259268;4.58 4.67 4.68 4.47 193785;4.67 4.62 4.72 4.6 174373;4.62 4.49 4.64 4.43 167519;4.51 4.13 4.51 4.12 179210;4.07 3.92 4.07 3.9 158134;3.96 3.84 3.99 3.75 135825;3.84 3.81 3.87 3.73 117150;3.81 4.19 4.19 3.75 233622;4.08 3.88 4.1 3.85 140505;3.93 3.97 3.97 3.84 152217;3.95 4.09 4.11 3.9 180132;4.1 4.16 4.26 4.1 199972;4.08 3.94 4.08 3.91 148126;3.91 4.12 4.17 3.9 131409;4.07 4.1 4.15 4.03 204986;4.06 3.96 4.06 3.93 117199;3.9 4.07 4.08 3.9 135820;4.04 4.06 4.1 4.0 138245;4.08 4.14 4.23 4.06 240405;4.2 4.26 4.3 4.16 244902;4.26 4.2 4.26 4.13 120798;4.15 4.16 4.2 4.1 141690;4.18 4.16 4.19 4.1 121053;4.14 4.17 4.24 4.13 118242;4.22 4.26 4.29 4.17 132680;4.27 4.52 4.54 4.26 350828;4.54 4.77 4.82 4.54 462125;4.8 4.79 5.06 4.69 520888;4.81 5.19 5.19 4.81 549561;5.29 5.65 5.7 5.2 658720;6.22 6.22 6.22 6.22 179509;6.48 6.62 6.84 6.1 1366550;6.33 6.12 6.76 6.0 789067;6.1 6.1 6.2 5.7 537549;6.0 6.25 6.3 5.88 605576;6.15 5.77 6.18 5.76 501382;5.85 5.57 5.95 5.33 399365;5.6 5.24 5.68 5.03 310203;5.18 4.87 5.18 4.82 284778;4.85 5.06 5.09 4.75 228952;4.93 5.1 5.18 4.88 228500;5.1 5.45 5.5 5.09 329116;5.52 5.37 5.54 5.2 374691;5.27 5.67 5.87 5.16 473165;5.7 5.26 5.74 5.24 306307;5.15 5.36 5.39 5.09 158726;5.45 5.26 5.5 5.22 165157;5.22 5.2 5.28 5.05 143282;5.23 5.19 5.29 5.16 117054;5.18 5.2 5.22 5.08 98084;5.21 5.37 5.38 5.15 186737;5.42 5.48 5.58 5.37 300162;5.49 5.91 5.98 5.49 452861;5.9 5.83 5.94 5.72 448798;5.85 5.96 6.05 5.77 368310;5.98 5.93 6.05 5.85 298572;5.9 5.63 5.9 5.6 292214;6.02 5.95 6.18 5.9 555231;5.95 6.07 6.17 5.86 384752;5.93 5.98 5.99 5.8 235808;6.0 6.04 6.08 5.98 306383;6.09 6.16 6.37 6.08 449548;6.21 6.02 6.25 5.98 298381;6.02 6.1 6.14 6.0 214243;6.07 5.73 6.07 5.71 284869;5.71 5.8 5.82 5.61 168775;5.91 5.9 5.95 5.8 208030;5.98 6.12 6.17 5.98 380341;6.11 6.15 6.17 6.06 315680;6.15 6.4 6.4 6.11 589896;6.4 6.27 6.44 6.18 338503;6.26 6.12 6.26 6.06 265902;6.12 6.38 6.39 6.05 284604;6.3 6.63 6.65 6.2 558485;6.7 6.25 6.78 6.16 526667;6.21 6.17 6.24 6.0 241050;6.21 6.07 6.25 6.06 160422;6.05 5.89 6.05 5.8 193829;5.85 5.9 5.95 5.8 113717;5.9 6.1 6.11 5.89 140916;6.12 6.05 6.16 6.0 148017;6.06 6.25 6.34 6.05 257584;6.29 6.26 6.31 6.17 220459;6.24 6.47 6.49 6.18 380084;6.54 6.42 6.61 6.31 469704;6.45 6.44 6.54 6.31 348276;6.6 6.39 6.75 6.38 568935;6.27 6.5 6.5 6.2 196706;6.48 6.41 6.48 6.33 186475;6.39 6.29 6.39 6.21 184226;6.3 6.35 6.39 6.25 149589;6.3 6.27 6.31 6.16 95056;6.3 6.29 6.33 6.2 160674;6.27 6.04 6.27 6.03 191327;6.0 6.14 6.18 5.95 123526;6.03 6.09 6.1 5.91 105370;6.09 6.03 6.12 6.02 100361;6.08 6.05 6.09 6.0 83803;6.07 6.13 6.13 6.05 127897;6.15 6.13 6.17 6.1 135933;6.15 6.35 6.39 6.13 283202;6.3 6.23 6.3 6.15 171517;6.2 6.11 6.25 6.1 142921;6.08 6.09 6.14 6.06 95840;6.09 6.22 6.23 6.03 163219;6.25 6.48 6.55 6.16 512136;6.49 6.32 6.51 6.31 277871;6.31 6.14 6.39 6.1 183295;6.14 6.19 6.19 6.08 99606;6.17 6.15 6.17 6.1 81991;6.14 6.16 6.17 6.07 104918;6.17 6.21 6.22 6.13 145269;6.22 6.28 6.35 6.16 309046;6.3 6.43 6.54 6.29 466542;6.37 6.36 6.47 6.29 268235;6.39 6.76 6.84 6.37 621797;6.76 6.56 6.8 6.52 406948;6.58 6.49 6.66 6.48 256497;6.5 6.59 6.73 6.46 245929;6.6 6.37 6.65 6.34 235126;6.34 6.38 6.43 6.32 177815;6.4 6.39 6.43 6.32 171854;6.36 6.38 6.4 6.3 143823;6.38 6.51 6.58 6.3 263399;6.48 6.43 6.5 6.37 243717;6.42 6.48 6.54 6.39 176634;6.5 6.6 6.61 6.45 269955;6.59 6.58 6.66 6.55 233387;6.55 6.58 6.63 6.52 240204;6.57 6.77 6.88 6.57 450122;6.78 6.86 6.98 6.69 416349;6.9 6.67 6.93 6.64 311480;6.66 6.7 6.75 6.62 218388;6.72 6.97 6.98 6.71 416140;7.0 6.72 7.03 6.7 297884;6.72 6.76 6.85 6.69 238578;6.77 6.96 7.02 6.76 349744;6.98 7.42 7.6 6.91 733273;7.45 7.52 7.6 7.22 493990;
7.49 7.43 7.49 7.32 320515;7.42 6.75 7.42 6.68 472510;6.79 6.86 6.94 6.46 299418;6.87 6.97 7.04 6.72 261868;7.0 7.31 7.42 6.99 324942;7.31 7.79 7.95 7.16 505857;7.74 7.53 7.75 7.35 373154;7.46 7.21 7.47 7.11 257481;7.21 7.16 7.39 7.1 248434;7.22 7.22 7.31 7.01 185480;7.25 7.38 7.46 7.19 242203;7.37 6.87 7.37 6.84 208753;6.96 6.89 6.99 6.79 122219;6.87 6.41 6.9 6.4 158661;6.3 5.98 6.45 5.93 161135;5.97 6.22 6.28 5.97 130982;6.27 5.89 6.27 5.8 145102;5.86 6.09 6.1 5.84 123051;6.14 6.16 6.18 6.03 129064;6.17 6.2 6.28 6.13 120184;6.24 6.42 6.49 6.16 285634;6.3 6.46 6.55 6.24 186162;6.44 6.37 6.52 6.24 142000;6.35 6.16 6.35 6.13 117937;6.1 5.73 6.1 5.71 134971;5.68 5.7 5.82 5.65 73607;5.7 5.72 5.78 5.63 55789;5.72 5.98 6.05 5.71 108843;5.95 6.06 6.09 5.91 98818;6.08 6.07 6.18 6.02 111923;6.11 6.22 6.3 6.03 148052;6.25 6.3 6.33 6.1 144059;6.27 6.16 6.3 6.16 79826;6.12 6.24 6.27 6.09 108106;6.24 6.34 6.35 6.18 129466;6.35 6.31 6.37 6.25 129776;6.28 6.21 6.3 6.16 115429;6.21 6.48 6.57 6.21 238133;6.46 6.7 6.9 6.41 435890;6.68 6.66 6.75 6.35 329761;6.6 6.39 6.69 6.37 203251;6.35 6.17 6.44 6.09 140580;6.1 6.08 6.17 5.91 88348;6.07 6.06 6.16 6.01 59331;6.05 5.92 6.15 5.85 58946;5.91 5.84 5.95 5.71 69357;5.9 6.01 6.1 5.88 82560;6.11 6.61 6.61 6.06 230713;6.6 6.48 6.75 6.43 298748;6.5 6.69 6.76 6.34 201168;6.62 6.54 6.85 6.5 287612;6.52 6.4 6.6 6.36 155122;6.44 6.46 6.48 6.33 98677;6.45 6.56 6.59 6.4 125268;6.58 6.59 6.6 6.47 180310;6.6 6.44 6.6 6.42 143905;6.43 6.47 6.51 6.38 94858;6.43 6.54 6.62 6.43 141722;6.54 6.54 6.58 6.43 121471;6.54 6.44 6.56 6.3 153775;6.31 6.17 6.35 6.12 127284;6.26 6.21 6.3 6.2 78238;6.12 6.36 6.37 6.08 88556;6.38 6.5 6.53 6.31 135055;6.49 6.5 6.58 6.43 124421;6.49 6.62 6.62 6.47 183088;6.67 6.59 6.69 6.56 175629;6.6 6.65 6.69 6.55 157640;6.65 6.55 6.69 6.54 135054;6.55 6.56 6.57 6.49 105227;6.56 6.65 6.75 6.55 244846;6.6 6.69 6.71 6.43 282705;6.71 6.79 6.82 6.71 376046;6.82 6.8 6.87 6.75 216114;6.8 6.94 6.95 6.74 323255;6.92 6.96 6.98 6.83 256077;6.96 6.92 6.99 6.85 259549;6.91 6.97 6.97 6.86 238383;6.99 6.61 7.08 6.51 345380;6.6 6.8 6.81 6.55 203392;6.82 6.58 6.87 6.53 243566;6.5 6.5 6.61 6.44 169103;6.57 6.72 6.74 6.5 149072;6.72 6.86 6.88 6.67 206547;6.89 6.94 7.07 6.87 365870;6.91 6.85 6.94 6.6 274519;6.85 6.95 7.07 6.84 233079;6.91 6.88 7.0 6.78 170366;6.86 6.71 6.86 6.66 130298;6.74 6.76 6.79 6.69 80502;6.76 6.99 7.04 6.72 360879;7.02 7.25 7.3 6.9 619199;7.24 7.15 7.26 7.12 253466;7.19 7.17 7.35 7.11 263926;7.17 6.89 7.22 6.87 210979;6.83 6.72 6.93 6.68 162487;6.72 6.78 6.79 6.62 99759;6.81 6.47 6.81 6.45 114143;6.47 6.63 6.64 6.45 90149;6.59 6.76 6.76 6.57 121400;6.74 6.68 6.76 6.64 92837;6.7 6.79 6.82 6.69 97585;6.85 6.89 6.94 6.8 165334;6.92 6.91 6.92 6.83 117951;6.91 6.91 7.02 6.85 180019;7.06 7.1 7.2 7.01 294554;7.1 6.98 7.16 6.96 197506;7.05 6.89 7.06 6.86 151559;6.88 7.2 7.27 6.85 355355;7.23 7.17 7.33 7.11 221359;7.19 7.49 7.58 7.15 476197;7.32 7.36 7.51 7.28 326140;7.36 7.44 7.52 7.33 236218;7.44 7.37 7.5 7.31 164738;7.33 7.63 7.66 7.25 297059;7.58 7.63 7.67 7.51 201176;7.66 7.47 7.82 7.43 439464;7.47 7.34 7.51 7.31 334375;7.27 7.04 7.27 6.8 224391;6.96 6.93 7.09 6.87 105336;6.94 6.99 7.03 6.86 124146;6.98 6.89 7.04 6.76 88400;6.9 6.95 7.02 6.84 62747;6.94 7.12 7.18 6.89 183182;7.1 7.01 7.14 6.92 82593;7.04 7.06 7.16 7.02 141228;7.06 7.1 7.15 6.8 185095;7.1 7.22 7.28 7.06 202924;7.1 7.08 7.22 6.96 183940;7.06 7.06 7.13 7.0 53059;7.06 7.17 7.24 7.03 97290;7.2 7.29 7.33 7.18 160237;7.29 7.21 7.32 7.19 72537;7.22 7.23 7.27 7.2 67363;7.22 7.26 7.35 7.14 111890;7.25 7.21 7.29 7.09 89759;7.21 7.33 7.34 7.15 112927;7.39 7.41 7.46 7.33 187403;7.44 7.39 7.54 7.37 181491;7.4 7.45 7.5 7.34 123782;7.45 7.38 7.5 7.35 107062;7.38 7.66 7.75 7.35 340684;7.97 8.01 8.43 7.9 986208;8.07 8.33 8.57 7.83 800326;8.29 8.14 8.29 8.01 384561;8.15 7.91 8.19 7.84 296868;7.91 7.99 8.02 7.81 194766;7.95 7.83 7.97 7.7 199569;7.8 7.59 7.84 7.55 161314;7.59 7.64 7.71 7.56 117976;7.62 7.71 7.71 7.6 96294;7.74 7.92 7.95 7.69 189086;7.9 7.84 7.91 7.76 138904;7.82 7.89 7.9 7.73 131742;7.91 7.92 7.95 7.86 113070;7.92 7.69 7.93 7.65 198979;7.69 7.63 7.74 7.6 139440;7.64 7.56 7.64 7.5 127434;7.52 7.65 7.67 7.51 75465;7.68 7.75 7.77 7.68 123550;7.78 7.81 7.86 7.77 137241;7.79 7.67 7.79 7.65 103529;7.68 7.7 7.74 7.63 150896;7.9 7.96 8.17 7.9 433745;7.98 8.04 8.09 7.9 235527;8.05 7.95 8.06 7.89 132577;7.9 7.85 7.95 7.82 107981;7.85 7.92 7.94 7.82 117755;7.95 7.74 7.99 7.45 206212;7.77 7.71 7.77 7.58 152057;7.71 7.77 7.88 7.66 120441;7.75 7.65 7.77 7.64 80189;7.6 7.75 7.88 7.54 419355;7.79 7.95 7.95 7.48 451456;7.94 8.12 8.16 7.79 535621;8.11 7.99 8.17 7.96 265976;8.0 7.88 8.13 7.82 180146;7.9 7.77 7.96 7.73 142353;7.77 7.21 7.77 7.04 277462;7.19 7.05 7.25 6.9 201674;7.06 6.96 7.13 6.93 139141;6.98 6.98 7.01 6.81 101188;6.91 7.05 7.08 6.88 91479;6.98 7.15 7.16 6.91 137479;7.1 6.76 7.12 6.75 116913;6.63 6.44 6.7 6.41 136664;6.44 6.55 6.59 6.27 96031;6.64 6.42 6.68 6.39 87857;6.39 6.29 6.42 6.2 66388;6.27 6.44 6.46 6.27 92018;6.4 6.38 6.44 6.32 53349;6.33 6.08 6.33 6.06 97725;6.08 6.1 6.16 5.88 125911;6.05 6.01 6.06 5.83 86402;6.0 5.97 6.04 5.86 67671;5.81 6.02 6.03 5.74 69910;6.04 6.23 6.27 6.03 107094;6.3 6.24 6.35 6.18 108734;6.28 6.21 6.29 6.15 56640;6.21 6.25 6.29 6.08 76029;6.3 6.28 6.34 6.19 78373;6.28 6.03 6.28 6.0 79582;5.98 5.9 5.98 5.8 56715;5.87 5.97 6.0 5.81 40682;6.0 5.9 6.03 5.88 47579;5.76 5.81 5.93 5.73 61548;5.79 5.85 5.87 5.78 44206;5.86 6.13 6.17 5.82 96866;6.05 6.05 6.12 6.04 63507;6.08 6.09 6.19 6.07 48714;6.12 6.07 6.18 6.04 34011;6.07 5.86 6.08 5.81 35273;5.86 6.01 6.03 5.85 35307;6.02 6.06 6.1 5.98 37872;6.01 6.09 6.12 5.98 48780;6.11 6.02 6.11 5.97 39726;6.0 5.94 6.02 5.9 31882;5.92 5.89 5.98 5.87 23361;5.89 5.51 5.94 5.5 57147;5.49 5.34 5.49 5.3 35095;5.36 5.34 5.4 5.3 22695;5.34 5.38 5.4 5.15 37228;5.35 5.36 5.37 5.23 28386;5.39 5.47 5.48 5.32 31908;5.48 5.48 5.5 5.41 22497;5.48 5.5 5.65 5.44 44130;5.54 5.61 5.63 5.39 64004;5.63 5.63 5.67 5.57 50882;5.6 5.48 5.6 5.41 45782;5.48 5.54 5.6 5.48 46387;5.53 5.4 5.56 5.39 29391;5.34 5.39 5.41 5.3 26983;5.36 5.5 5.53 5.32 38187;5.51 5.81 5.84 5.51 180396;5.71 6.19 6.35 5.71 346475;6.12 6.29 6.31 6.09 211856;6.34 6.27 6.34 6.15 179390;6.26 6.59 6.65 6.22 263661;6.49 6.56 6.66 6.42 192171;6.51 6.59 6.67 6.5 183918;6.61 6.65 6.78 6.56 214322;6.65 6.6 6.75 6.51 132846;6.61 6.69 6.82 6.48 289206;6.73 6.5 6.75 6.47 495971;6.5 6.58 6.59 6.46 165097;6.57 6.58 6.64 6.54 139855;6.6 6.62 6.63 6.51 149922;6.65 6.77 6.82 6.64 198778;6.78 6.5 6.8 6.49 160770;6.49 6.55 6.59 6.47 64837;6.52 6.43 6.57 6.41 79989;6.43 6.54 6.54 6.38 91564;6.51 6.69 6.71 6.48 140206;6.7 6.71 6.72 6.62 125679;6.75 6.66 6.76 6.61 133456;6.7 6.48 6.71 6.47 138890;6.5 6.48 6.52 6.42 76800;6.47 6.51 6.56 6.4 71597;6.49 6.4 6.55 6.38 62957;6.4 6.44 6.49 6.38 57469;6.43 6.5 6.53 6.36 74833;6.51 6.55 6.58 6.47 98349;6.52 6.55 6.57 6.46 92482;6.51 6.35 6.55 6.29 121886;6.4 6.36 6.42 6.33 83000;6.34 6.3 6.36 6.27 82830;6.39 6.54 6.58 6.37 163654;6.48 6.54 6.55 6.42 94197;6.59 6.5 6.71 6.48 243841;6.51 6.63 6.63 6.47 128551;6.63 6.68 6.78 6.63 217487;6.75 6.66 6.75 6.61 178502;6.68 6.52 6.7 6.49 153862;4.36 4.38 4.47 4.36 150137;4.36 4.25 4.36 4.16 127398;4.25 4.16 4.29 4.15 101047;4.17 4.09 4.2 4.07 104724;4.1 4.12 4.14 4.06 108873;4.12 4.19 4.23 4.12 132638;4.18 4.11 4.19 4.1 82732;4.08 4.15 4.17 4.07 63449;4.17 4.24 4.24 4.17 153931;4.3 4.35 4.35 4.25 278961;
4.35 4.31 4.36 4.25 234585;4.32 4.31 4.33 4.24 241098;4.32 4.36 4.37 4.28 351178;4.41 4.67 4.79 4.41 1237424;4.7 4.69 4.85 4.53 992455;
4.68 4.66 4.68 4.55 472093;4.59 4.58 4.63 4.48 425269;4.57 4.6 4.64 4.5 330928;4.62 4.54 4.62 4.5 273094;4.54 4.57 4.58 4.47 334016;4.57 4.52 4.58 4.49 275363;4.52 4.45 4.53 4.42 254601;4.45 4.4 4.49 4.38 248627;4.4 4.37 4.42 4.33 194255;4.38 4.46 4.46 4.37 337938;4.45 4.46 4.52 4.38 354581;4.48 4.4 4.48 4.4 195650;4.41 4.41 4.43 4.33 278158;4.43 4.47 4.48 4.4 335913;4.5 4.57 4.61 4.48 449129;4.59 4.53 4.6 4.5 304881;4.52 4.47 4.52 4.42 254964;4.45 4.46 4.52 4.41 278941;4.46 4.2 4.46 4.18 336274;4.18 4.24 4.24 4.17 174243;4.25 4.1 4.26 4.09 188198;4.1 4.04 4.1 4.02 149508;4.04 4.06 4.09 4.03 108696;4.06 4.16 4.16 4.06 156816;4.16 4.2 4.24 4.12 149901;4.2 4.13 4.22 4.09 126944;4.1 4.16 4.17 4.08 135661;4.16 4.35 4.36 4.15 365376;4.34 4.27 4.34 4.22 192826;4.26 4.18 4.26 4.14 237542;4.17 4.12 4.19 3.98 199310;4.08 4.13 4.14 4.07 104557;4.15 4.09 4.18 4.08 156087;4.1 4.07 4.13 4.05 157709;4.1 4.04 4.1 4.01 137563;4.05 4.06 4.07 4.0 85946;4.05 4.03 4.06 4.02 77006;4.02 4.12 4.19 3.99 214865;4.08 4.14 4.18 4.06 163967;4.15 4.18 4.19 4.11 199778;4.18 4.34 4.41 4.14 475150;4.34 4.26 4.34 4.25 249761;4.28 4.27 4.35 4.25 151887;4.3 4.26 4.3 4.2 111737;4.25 4.17 4.28 4.1 135474;4.18 4.23 4.25 4.16 105324;4.26 4.16 4.26 4.16 88816;4.16 4.12 4.19 4.11 71186;4.12 4.09 4.12 4.05 89866;4.1 4.06 4.15 4.04 78857;4.06 4.06 4.08 4.01 91277;4.04 4.07 4.1 4.04 61618;4.07 4.04 4.1 4.02 51291;4.04 4.08 4.08 4.01 84472;4.1 4.11 4.11 4.05 93055;4.09 4.08 4.12 4.06 67080;4.08 4.14 4.15 4.06 123162;4.15 4.11 4.16 4.09 131044;4.13 4.12 4.2 4.12 137216;4.1 4.12 4.18 4.03 151439;4.1 4.11 4.13 4.07 89004;4.11 4.07 4.13 4.05 120863;4.07 4.03 4.08 4.01 136116;4.02 3.9 4.04 3.89 137906;3.9 3.89 3.91 3.86 74819;3.89 3.99 4.0 3.87 93009;3.99 3.87 3.99 3.86 79689;3.86 3.9 3.93 3.85 79300;3.9 3.92 3.96 3.89 64539;3.92 3.88 3.93 3.84 58461;3.9 3.91 3.93 3.88 43853;3.9 3.95 3.96 3.87 85325;3.94 3.95 3.95 3.91 51491;3.93 3.97 3.97 3.92 56975;3.99 3.97 3.99 3.94 46700;3.96 3.92 3.96 3.9 64127;3.92 3.99 3.99 3.91 80155;3.99 4.02 4.03 3.96 97570;4.04 4.14 4.15 4.04 222957;4.16 4.14 4.19 4.1 175848;4.12 4.3 4.33 4.09 445050;4.31 4.3 4.39 4.25 247950;4.29 4.18 4.29 4.16 162662;4.16 4.25 4.27 4.14 108162;4.25 4.17 4.26 4.12 162202;4.15 4.19 4.21 4.13 85758;4.17 4.19 4.21 4.15 94929;4.19 4.2 4.21 4.13 141986;4.2 4.25 4.25 4.16 161507;4.26 4.23 4.27 4.2 120970;4.23 4.25 4.28 4.21 205086;4.25 4.27 4.29 4.24 198775;4.27 4.27 4.28 4.21 122002;4.36 4.37 4.39 4.29 378419;4.37 4.32 4.37 4.3 211336;4.33 4.33 4.36 4.31 122188;4.32 4.3 4.33 4.29 155424;4.28 4.35 4.43 4.27 316029;4.32 4.37 4.38 4.28 183966;4.36 4.27 4.36 4.2 160665;4.26 4.34 4.34 4.23 135866;4.31 4.24 4.32 4.21 102982;4.29 4.26 4.3 4.24 52762;4.26 4.19 4.28 4.15 128946;4.19 4.18 4.21 4.11 88986;4.18 4.22 4.22 4.17 84968;4.22 4.26 4.27 4.18 106246;4.26 4.28 4.29 4.24 133390;4.29 4.32 4.35 4.26 305819;4.32 4.2 4.32 4.19 203746;4.19 4.15 4.21 4.13 102302;4.15 4.2 4.21 4.15 73005;4.2 4.21 4.21 4.15 90397;4.21 4.2 4.23 4.17 83849;4.2 4.19 4.21 4.17 110674;4.19 4.2 4.23 4.19 115623;4.21 4.3 4.37 4.19 253087;4.29 4.32 4.35 4.26 202406;4.34 4.29 4.35 4.28 143032;4.29 4.39 4.39 4.28 294393;4.39 4.45 4.49 4.37 475990;4.41 4.65 4.7 4.39 1064337;4.68 4.79 4.82 4.51 1218265;4.79 4.81 5.06 4.71 1227764;4.79 4.62 4.84 4.59 550264;4.58 4.42 4.58 4.4 448895;4.44 4.51 4.55 4.43 341971;4.51 4.37 4.57 4.35 271439;4.36 4.47 4.48 4.34 165902;4.47 4.53 4.54 4.31 256368;4.49 4.51 4.65 4.45 470857;4.48 4.44 4.51 4.37 334047;4.44 4.38 4.47 4.32 297686;4.36 4.39 4.4 4.32 175330;4.4 4.42 4.48 4.34 290101;4.38 4.26 4.39 4.25 292340;4.26 4.27 4.28 4.18 208800;4.26 4.23 4.29 4.2 162563;4.22 4.24 4.27 4.18 135766;4.21 4.26 4.28 4.2 104124;4.26 4.22 4.3 4.22 115710;4.23 4.27 4.28 4.22 85875;4.25 4.11 4.26 4.1 183223;4.13 4.09 4.15 4.01 110630;4.09 4.05 4.11 4.02 80505;4.09 4.16 4.2 4.06 148822;4.17 4.2 4.32 4.14 253677;4.18 4.14 4.19 4.1 124909;4.18 4.2 4.21 4.11 93872;4.2 4.35 4.35 4.17 310625;4.29 4.28 4.41 4.2 261166;4.28 4.3 4.32 4.2 175721;4.24 4.2 4.24 4.0 324741;4.21 4.09 4.28 4.07 205495;4.09 4.13 4.15 4.02 166874;4.12 4.17 4.18 4.08 214614;4.15 4.13 4.17 4.12 182422;4.13 4.23 4.25 4.12 222268;4.19 4.14 4.21 4.13 159436;4.14 4.16 4.18 4.1 179997;4.16 4.15 4.17 4.13 139010;4.2 4.19 4.26 4.16 235390;4.18 4.15 4.19 4.12 150419;4.15 4.12 4.16 4.11 142708;4.12 4.13 4.15 4.11 78995;4.13 4.11 4.13 4.07 134459;4.09 4.05 4.09 4.04 113805;4.04 4.09 4.1 4.04 97071;4.09 4.08 4.1 4.05 130608;4.07 4.19 4.21 4.07 305993;4.18 4.14 4.19 4.12 150377;4.14 4.1 4.14 4.09 108798;4.11 4.11 4.14 4.07 76166;4.11 4.07 4.11 4.06 59257;4.08 4.06 4.1 4.05 47481;4.06 3.97 4.08 3.92 130501;3.97 3.96 3.98 3.94 67204;3.95 3.97 3.99 3.93 57050;3.97 3.93 3.97 3.9 67357;3.92 3.9 3.94 3.87 63136;3.9 3.93 3.94 3.89 44115;3.93 3.89 3.94 3.86 57627;3.87 3.88 3.91 3.85 39208;3.89 3.92 3.95 3.89 43564;3.86 3.84 3.86 3.81 60497;3.8 3.57 3.8 3.53 121111;3.44 3.53 3.56 3.36 94281;3.58 3.59 3.69 3.58 87634;3.49 3.64 3.68 3.46 82454;3.65 3.74 3.79 3.64 126699;3.75 3.72 3.76 3.67 90498;3.72 3.64 3.72 3.62 81040;3.64 3.61 3.64 3.6 54262;3.6 3.55 3.6 3.55 44354;3.49 3.52 3.53 3.45 49133;3.5 3.53 3.55 3.5 37127;3.53 3.58 3.61 3.53 36473;3.6 3.65 3.66 3.56 64194;3.64 3.69 3.7 3.62 61925;3.69 3.59 3.69 3.58 56022;3.6 3.59 3.67 3.58 36102;3.58 3.57 3.61 3.54 28409;3.59 3.52 3.6 3.49 46748;3.52 3.47 3.53 3.45 47701;3.46 3.41 3.46 3.4 32727;3.38 3.4 3.43 3.38 26629;3.42 3.46 3.47 3.41 28477;3.49 3.42 3.49 3.41 24588;3.42 3.42 3.45 3.41 26499;3.38 3.39 3.39 3.37 36929;3.39 3.45 3.46 3.38 47776;3.46 3.44 3.48 3.43 23953;3.46 3.43 3.48 3.42 19766;3.42 3.38 3.42 3.38 28720;3.38 3.39 3.42 3.37 23372;3.38 3.47 3.47 3.38 54391;3.45 3.39 3.45 3.38 36112;3.37 3.35 3.37 3.25 40763;3.33 3.31 3.39 3.3 31248;3.33 3.32 3.35 3.3 28891;3.33 3.28 3.35 3.27 31236;3.27 3.19 3.27 3.18 40776;3.19 3.21 3.23 3.13 29858;3.21 3.19 3.25 3.17 25237;3.24 3.21 3.26 3.18 32243;3.18 3.28 3.28 3.17 47190;3.28 3.3 3.32 3.26 49992;3.29 3.27 3.3 3.24 35254;3.3 3.28 3.31 3.26 28665;3.27 3.2 3.27 3.19 32812;3.2 3.18 3.22 3.16 30735;3.17 3.1 3.17 3.09 53821;3.09 3.08 3.12 3.08 22306;3.09 3.15 3.15 3.08 30112;3.15 3.18 3.2 3.11 56960;3.17 3.2 3.24 3.15 88287;3.21 3.23 3.25 3.2 70270;3.26 3.3 3.31 3.23 90090;3.3 3.26 3.3 3.24 53426;3.25 3.24 3.27 3.22 46092;3.21 3.26 3.26 3.18 74965;3.28 3.28 3.33 3.26 127999;3.29 3.3 3.32 3.25 89774;3.3 3.33 3.4 3.29 145478;3.33 3.29 3.35 3.28 50968;3.28 3.3 3.33 3.27 41095;3.28 3.24 3.28 3.24 63657;3.24 3.24 3.27 3.23 29339;3.26 3.3 3.3 3.26 44508;3.3 3.35 3.38 3.28 107765;3.36 3.27 3.36 3.25 55053;3.25 3.25 3.3 3.24 33097;3.25 3.16 3.25 3.15 47223;3.16 3.17 3.18 3.14 25666;3.16 3.16 3.17 3.13 27316;3.12 3.14 3.15 3.1 26962;3.16 3.1 3.16 3.1 24245;3.11 3.11 3.13 3.1 19047;3.15 3.14 3.15 3.11 23554;3.14 3.02 3.15 3.0 50208;3.07 3.08 3.11 3.06 48025;3.08 3.06 3.08 3.02 24139;3.03 2.98 3.05 2.98 37963;2.99 2.98 3.01 2.96 25964;2.99 3.0 3.01 2.97 18202;3.0 2.99 3.01 2.95 28657;2.99 3.02 3.03 2.96 32943;3.02 2.98 3.02 2.98 15694;2.97 2.89 2.97 2.88 41094;2.89 2.83 2.89 2.82 22738;2.82 2.71 2.82 2.7 48595;2.73 2.79 2.79 2.71 31380;2.79 2.77 2.79 2.71 21040;
2.77 2.77 2.79 2.75 19780;2.78 2.76 2.85 2.75 49024;2.77 2.88 3.04 2.7 137397;2.87 2.87 2.93 2.8 137038;2.85 2.82 2.86 2.8 45894;2.81 2.74 2.81 2.73 32513;2.74 2.67 2.75 2.6 56920;2.66 2.66 2.69 2.62 30177;2.67 2.7 2.71 2.67 21034;2.73 2.68 2.76 2.68 26225;2.67 2.63 2.7 2.62 23513;2.63 2.64 2.64 2.57 29657;2.65 2.72 2.73 2.63 43229;2.73 2.82 2.83 2.72 68074;2.84 2.79 2.84 2.76 54786;2.78 2.78 2.84 2.75 38371;2.79 2.73 2.8 2.72 32615;2.72 2.71 2.75 2.69 24593;2.71 2.83 2.84 2.65 74003;2.83 2.76 2.87 2.76 56153;2.78 2.81 2.83 2.76 32903;2.81 2.84 2.85 2.8 38124;2.85 2.83 2.86 2.81 33490;2.84 2.83 2.84 2.8 25351;2.83 2.83 2.86 2.81 29025;2.82 2.85 2.85 2.81 27163;2.85 2.87 2.88 2.83 64269;2.86 2.86 2.88 2.84 34817;2.85 2.81 2.85 2.79 38125;2.79 2.86 2.86 2.79 38695;2.86 2.86 2.88 2.84 60650;2.86 2.87 2.9 2.84 54617;2.86 2.9 2.93 2.85 75711;2.9 2.89 2.9 2.86 42298;2.87 2.93 2.94 2.86 71716;2.92 2.99 3.06 2.92 173212;3.0 3.03 3.03 2.95 84899;3.08 3.02 3.09 3.01 64670;3.0 3.01 3.04 2.95 62854;3.02 3.04 3.05 3.0 54782;3.06 3.09 3.11 3.04 129632;3.07 3.13 3.16 3.06 108885;3.14 3.13 3.17 3.1 222218;3.12 3.09 3.12 3.06 99881;3.09 3.04 3.09 3.03 71703;3.01 3.05 3.06 3.01 36635;3.06 3.09 3.09 3.04 53861;3.09 3.03 3.1 3.02 61629;3.01 3.02 3.04 2.99 50789;3.01 3.04 3.05 3.01 43248;3.04 3.06 3.06 3.01 60307;3.06 3.1 3.11 3.05 86934;3.1 3.1 3.1 3.07 53705;3.11 2.97 3.12 2.9 117798;2.97 2.97 3.0 2.9 86371;2.97 2.99 2.99 2.94 45076;2.99 3.06 3.08 2.96 74358;3.05 2.99 3.06 2.99 51584;3.01 3.01 3.03 2.99 39359;3.01 3.01 3.04 3.0 34317;3.0 2.96 3.01 2.95 33086;2.96 2.94 2.98 2.92 29294;2.95 2.96 2.98 2.94 26608;2.96 2.9 2.96 2.89 50255;2.9 2.85 2.9 2.84 47065;2.85 2.86 2.89 2.85 22088;2.87 2.94 2.96 2.87 31916;2.94 2.94 2.96 2.93 31319;2.95 2.92 2.96 2.91 24630;2.95 2.95 2.95 2.89 20028;2.93 2.95 2.96 2.9 28695;2.95 2.99 2.99 2.93 43662;3.0 3.0 3.01 2.98 47080;2.98 3.04 3.09 2.98 63293;3.05 3.02 3.06 3.01 39097;3.02 3.07 3.07 3.0 52071;3.06 3.05 3.08 3.04 34639;3.05 3.07 3.07 3.03 43717;3.07 3.04 3.08 3.03 53587;3.04 3.04 3.05 2.98 74230;3.03 3.05 3.06 3.01 58577;3.06 3.09 3.11 3.05 121833;3.07 3.04 3.08 3.03 68361;3.09 3.08 3.09 3.04 93604;3.07 3.05 3.08 3.03 41939;3.05 3.06 3.08 3.04 43208;3.04 3.05 3.05 3.02 44826;3.04 3.03 3.05 3.01 41323;3.02 2.95 3.02 2.94 66372;2.95 2.96 2.98 2.94 38089;2.96 2.96 2.97 2.93 45674;3.0 2.96 3.02 2.94 64762;2.97 2.99 3.02 2.95 85906;2.99 3.04 3.14 2.94 219461;3.34 3.34 3.34 3.27 523999;3.45 3.22 3.57 3.12 759763;3.15 3.18 3.25 3.15 292447;3.17 3.14 3.17 3.07 237203;3.11 3.15 3.23 3.09 259823;3.1 3.07 3.13 3.06 175016;3.05 3.19 3.24 3.04 262238;3.17 3.15 3.18 3.1 197240;3.14 3.15 3.23 3.12 142758;3.13 3.09 3.13 3.07 153172;3.09 3.1 3.19 3.07 127947;3.06 3.0 3.06 2.98 189533;3.0 2.98 3.02 2.97 69372;2.98 2.96 3.0 2.95 64280;2.97 2.94 3.01 2.93 64104;2.96 2.92 2.98 2.92 44633;2.94 2.96 2.97 2.93 39078;2.96 2.95 2.96 2.94 31433;2.96 3.0 3.0 2.95 40847;3.0 2.97 3.0 2.97 35082;2.94 2.9 2.95 2.89 30483;2.91 2.91 2.93 2.9 33421;2.92 2.9 2.92 2.89 24735;2.9 2.9 2.91 2.88 29563;2.9 2.86 2.91 2.85 32151;2.86 2.78 2.86 2.77 43038;2.78 2.79 2.79 2.75 32066;2.79 2.77 2.8 2.77 32103;2.78 2.7 2.79 2.7 51660;2.7 2.76 2.78 2.67 60182;2.75 2.75 2.76 2.73 38593;2.74 2.74 2.77 2.73 44553;2.75 2.74 2.76 2.71 41911;2.73 2.68 2.73 2.67 33953;2.7 2.72 2.72 2.66 46575;2.7 2.64 2.71 2.63 46186;2.64 2.64 2.64 2.61 27604;2.64 2.66 2.66 2.62 28670;2.66 2.67 2.69 2.62 44396;2.66 2.66 2.69 2.65 29876;2.66 2.59 2.67 2.58 42022;2.59 2.6 2.62 2.57 34326;2.6 2.61 2.62 2.58 39359;2.62 2.65 2.71 2.61 89547;2.65 2.66 2.67 2.64 32069;2.66 2.64 2.66 2.62 21013;2.63 2.68 2.69 2.62 37230;2.67 2.67 2.72 2.66 45067;2.67 2.65 2.69 2.65 20604;2.65 2.63 2.68 2.6 23220;2.62 2.66 2.69 2.6 46071;2.66 2.68 2.7 2.62 40294;2.68 2.71 2.74 2.66 62403;2.72 2.73 2.75 2.7 47031;2.73 2.75 2.76 2.71 43149;2.76 2.78 2.79 2.74 55382;2.79 2.77 2.79 2.75 42323;2.77 2.76 2.77 2.73 56584;2.76 2.76 2.77 2.71 54407;2.76 2.75 2.77 2.74 33804;2.76 2.71 2.76 2.71 25275;2.72 2.74 2.74 2.7 28773;2.73 2.72 2.74 2.71 29622;2.71 2.71 2.73 2.7 11305;2.71 2.7 2.72 2.68 20936;2.7 2.68 2.71 2.66 23437;2.69 2.71 2.72 2.67 20869;2.71 2.71 2.71 2.68 18874;2.71 2.72 2.72 2.69 23177;2.71 2.67 2.71 2.66 20581;2.67 2.63 2.67 2.62 23875;2.62 2.65 2.67 2.62 30432;2.66 2.64 2.68 2.62 19826;2.64 2.63 2.66 2.62 18751;2.63 2.77 2.89 2.63 112895;2.77 2.77 2.78 2.73 49492;2.77 2.73 2.77 2.72 28006;2.72 2.7 2.73 2.67 27544;2.7 2.72 2.73 2.68 27968;2.75 2.79 2.84 2.73 87515;2.8 2.8 2.81 2.77 47328;2.79 2.76 2.79 2.75 34218;2.77 2.8 2.81 2.77 52947;2.8 2.81 2.85 2.79 69637;2.82 2.81 2.83 2.77 38731;2.8 2.73 2.81 2.72 33901;2.73 2.69 2.75 2.69 21408;2.7 2.7 2.72 2.69 14008;2.71 2.68 2.72 2.67 26662;2.69 2.68 2.7 2.67 23491;2.68 2.65 2.68 2.61 25458;2.65 2.69 2.7 2.63 26956;2.69 2.64 2.69 2.63 15057;2.62 2.68 2.7 2.62 31251;2.68 2.69 2.7 2.66 31154;2.7 2.68 2.7 2.68 25372;2.68 2.73 2.73 2.68 34668;2.72 2.77 2.78 2.72 39626;2.77 2.73 2.77 2.73 23725;2.74 2.74 2.77 2.73 25789;2.74 2.73 2.76 2.73 19513;2.73 2.73 2.75 2.72 15112;2.72 2.73 2.75 2.69 36736;2.73 2.77 2.79 2.73 51733;2.76 2.76 2.78 2.74 35329;2.75 2.78 2.79 2.75 39005;2.82 2.78 2.82 2.78 48844;2.78 2.85 2.85 2.76 106373;2.85 2.88 2.97 2.85 186917;2.86 2.82 2.88 2.78 102696;2.83 2.81 2.84 2.8 49046;2.82 2.8 2.83 2.79 34059;2.8 2.79 2.81 2.77 35018;2.79 2.83 2.84 2.78 51085;2.84 2.84 2.85 2.8 45663;2.84 2.82 2.84 2.8 41190;2.83 2.81 2.83 2.77 38467;2.81 2.8 2.83 2.78 19791;2.79 2.73 2.79 2.72 96059;2.71 2.73 2.74 2.71 23762;2.73 2.75 2.76 2.73 18840;2.77 2.74 2.77 2.73 19989;2.74 2.74 2.75 2.73 21536;2.73 2.72 2.74 2.71 27986;2.72 2.68 2.72 2.67 23994;2.68 2.69 2.7 2.67 15701;2.69 2.69 2.7 2.67 19348;2.72 2.77 2.82 2.71 66039;2.72 2.74 2.75 2.69 32044;2.72 2.73 2.76 2.72 26794;2.73 2.72 2.76 2.72 11830;2.73 2.68 2.74 2.67 23784;2.68 2.66 2.68 2.65 21404;2.68 2.66 2.69 2.64 23790;2.66 2.68 2.69 2.65 19288;2.68 2.71 2.77 2.66 47895;2.68 2.72 2.72 2.67 30680;2.72 2.77 2.79 2.69 69633;2.75 2.77 2.82 2.75 63687;2.79 2.79 2.8 2.74 56130;2.8 2.8 2.81 2.78 48491;2.8 2.77 2.8 2.77 33777;2.77 2.77 2.78 2.75 25502;2.77 2.76 2.78 2.76 29897;2.76 2.85 2.85 2.76 107618;2.85 2.84 2.9 2.82 104260;2.83 2.83 2.87 2.82 76003;2.84 2.83 2.86 2.81 64506;2.83 2.82 2.83 2.79 48105;2.81 2.8 2.85 2.79 57606;2.8 2.81 2.83 2.8 27320;2.82 2.86 2.87 2.8 88302;2.86 2.88 2.89 2.83 84668;2.87 2.86 2.89 2.85 79845;2.86 2.87 2.88 2.85 51102;2.86 2.89 2.92 2.86 113302;2.89 2.87 2.92 2.86 77357;2.87 2.88 2.88 2.85 54654;2.87 2.85 2.87 2.84 91171;2.86 2.86 2.87 2.84 93203;2.85 2.89 2.9 2.84 108731;2.88 2.81 2.89 2.81 87179;2.8 2.87 2.89 2.8 122563;2.87 2.91 2.93 2.87 139595;2.91 2.88 2.92 2.86 96253;2.89 2.9 2.95 2.87 145362;2.91 2.93 2.93 2.88 104309;2.93 2.96 2.96 2.88 197012;2.95 2.98 3.02 2.91 212987;2.96 2.93 2.99 2.9 132540;2.92 2.88 2.96 2.85 128991;2.87 2.87 2.89 2.85 66307;2.87 2.91 2.92 2.87 92985;2.92 2.91 2.93 2.9 91621;2.9 2.95 2.97 2.9 196919;2.94 2.94 2.97 2.93 115656;2.93 2.93 2.94 2.91 98237;2.94 2.94 2.96 2.93 92630;2.95 2.99 2.99 2.94 146037;2.99 2.97 3.0 2.95 81437;2.96 2.96 2.98 2.94 69739;2.97 2.98 2.99 2.96 58867;2.99 2.98 3.0 2.98 87837;2.98 2.94 2.99 2.93 93925;2.94 2.96 2.97 2.93 66489;2.95 2.9 2.95 2.89 105690;2.9 2.88 2.91 2.88 46713;2.88 2.9 2.91 2.88 55604;2.88 2.85 2.9 2.84 100560;2.84 2.86 2.88 2.84 40869;2.87 2.9 2.9 2.85 65191;2.89 2.88 2.9 2.85 79021;2.86 2.8 2.86 2.77 111891;2.79 2.83 2.83 2.79 55115;2.84 2.87 2.88 2.82 72284;2.87 2.85 2.89 2.84 64704;2.85 2.85 2.86 2.83 35680;2.85 2.84 2.86 2.83 26652;2.83 2.79 2.85 2.78 57228;2.8 2.8 2.81 2.77 33163;2.8 2.79 2.81 2.78 21172;2.79 2.81 2.84 2.77 49594;2.8 2.79 2.8 2.77 31794;2.77 2.8 2.8 2.75 40284;2.8 2.84 2.84 2.78 66927;2.84 2.82 2.84 2.81 67873;2.82 2.87 2.87 2.81 107210;2.88 2.85 2.88 2.84 56390;2.85 2.89 2.9 2.82 91338;2.89 2.88 2.9 2.86 46801;2.88 2.83 2.88 2.8 52342;2.83 2.82 2.84 2.81 26143;2.81 2.8 2.82 2.79 35466;2.8 2.8 2.82 2.79 31228;2.8 2.81 2.83 2.79 48134;2.8 2.78 2.8 2.76 36882;2.78 2.8 2.82 2.78 39865;2.8 2.8 2.81 2.78 25757;2.8 2.79 2.81 2.78 21520;2.77 2.74 2.78 2.72 41509;2.73 2.77 2.78 2.71 35783;2.77 2.75 2.78 2.73 34952;2.76 2.74 2.77 2.74 23899;2.75 2.79 2.79 2.74 42780;2.77 2.8 2.8 2.76 33160;2.8 2.74 2.8 2.73 38483;2.73 2.77 2.79 2.73 39223;2.77 2.75 2.78 2.74 36312;2.76 2.74 2.78 2.74 31955;2.73 2.72 2.76 2.72 34613;2.73 2.75 2.76 2.73 17443;2.75 2.77 2.77 2.74 29003;2.77 2.77 2.77 2.75 27879;2.76 2.77 2.79 2.76 26418;2.77 2.76 2.77 2.74 30254;2.75 2.76 2.76 2.73 28748;2.75 2.75 2.76 2.73 36160;2.75 2.73 2.75 2.72 28194;2.73 2.73 2.74 2.71 31345;2.72 2.74 2.74 2.71 26862;2.73 2.76 2.76 2.73 52876;2.76 2.77 2.78 2.74 51612;2.77 2.77 2.77 2.75 40480;2.77 2.78 2.78 2.75 53423;2.77 2.75 2.77 2.75 47293;2.75 2.74 2.76 2.73 41724;2.75 2.76 2.77 2.73 52942;2.76 2.76 2.78 2.75 75586;2.77 2.75 2.77 2.74 56484;2.75 2.75 2.76 2.74 53843;2.75 2.75 2.76 2.74 52841;2.74 2.7 2.75 2.68 82635;2.7 2.7 2.71 2.68 38017;2.7 2.67 2.7 2.66 32933;2.67 2.64 2.68 2.62 45639;2.62 2.59 2.63 2.57 52429;2.6 2.6 2.61 2.59 29429;2.6 2.61 2.62 2.58 30444;2.61 2.63 2.63 2.6 36124;2.62 2.62 2.63 2.57 32868;2.61 2.57 2.61 2.56 21372;2.56 2.55 2.57 2.53 26352;2.55 2.4 2.55 2.39 43362;2.4 2.33 2.4 2.18 66573;2.33 2.3 2.33 2.26 53810;2.3 2.28 2.32 2.25 58499;2.27 2.28 2.31 2.26 50886;2.29 2.31 2.31 2.27 63266;2.3 2.29 2.3 2.26 42275;2.29 2.25 2.29 2.23 35747;2.25 2.27 2.28 2.22 39364;2.27 2.28 2.29 2.26 39416;2.27 2.2 2.27 2.19 45415;2.2 2.19 2.21 2.16 40444;2.18 2.23 2.24 2.18 51411;2.24 2.29 2.32 2.22 116619;2.29 2.25 2.3 2.25 75408;2.25 2.28 2.28 2.25 31786;2.28 2.32 2.32 2.27 75945;2.31 2.3 2.32 2.29 58850;2.31 2.27 2.31 2.27 29800;2.27 2.23 2.29 2.23 28172;2.23 2.22 2.24 2.2 38061;2.22 2.27 2.28 2.21 63293;2.27 2.24 2.27 2.22 36721;2.24 2.24 2.26 2.23 49982;2.24 2.24 2.26 2.22 45995;2.22 2.2 2.23 2.19 50882;2.19 2.2 2.22 2.19 32863;2.21 2.23 2.23 2.21 45248;2.23 2.25 2.25 2.21 68278;2.24 2.25 2.26 2.24 64523;2.25 2.29 2.3 2.24 94267;2.29 2.31 2.32 2.27 103004;2.32 2.3 2.32 2.29 63376;2.29 2.31 2.32 2.28 62657;2.31 2.3 2.32 2.29 38792;2.3 2.36 2.38 2.28 152344;2.34 2.36 2.37 2.33 141047;2.36 2.4 2.41 2.36 186773;2.39 2.38 2.4 2.36 72735;2.37 2.35 2.41 2.34 113351;2.34 2.36 2.37 2.32 67922;2.33 2.36 2.38 2.33 49037;2.35 2.36 2.37 2.34 42135;2.36 2.37 2.38 2.35 59709;2.38 2.35 2.39 2.33 71073;2.35 2.42 2.43 2.34 136325;2.42 2.49 2.52 2.4 218903;2.48 2.53 2.56 2.44 236127;2.54 2.63 2.72 2.48 399914;2.63 2.89 2.89 2.6 920517;2.92 2.6 2.92 2.6 640536;2.54 2.56 2.59 2.5 235631;2.56 2.62 2.69 2.54 277741;2.6 2.54 2.6 2.52 177319;2.52 2.57 2.59 2.51 143630;2.58 2.67 2.74 2.54 327928;2.66 2.94 2.94 2.62 883212;3.1 2.92 3.11 2.9 977317;2.84 2.87 2.92 2.79 300939;2.85 2.79 2.87 2.77 233820;2.8 2.83 2.89 2.79 222228;2.81 2.74 2.84 2.73 170050;2.75 2.75 2.78 2.71 98887;2.75 2.78 2.79 2.74 95777;2.76 2.76 2.79 2.7 145250;2.76 2.71 2.77 2.7 144356;2.7 2.56 2.71 2.55 171972;2.58 2.56 2.59 2.53 74382;2.57 2.58 2.59 2.56 48912;2.58 2.75 2.75 2.56 179900;2.75 2.87 2.9 2.7 338219;2.89 2.78 2.98 2.76 262701;2.82 2.82 2.87 2.78 123061;2.82 2.83 2.86 2.81 138097;2.82 2.85 2.88 2.76 208740;2.83 2.77 2.84 2.75 122599;2.78 2.75 2.8 2.74 75212;2.76 2.74 2.77 2.73 63411;2.73 2.75 2.77 2.72 68111;2.75 2.77 2.79 2.75 82316;2.76 2.71 2.77 2.7 90065;2.7 2.7 2.71 2.66 72338;2.7 2.64 2.7 2.63 73001;2.66 2.64 2.67 2.61 42141;2.64 2.58 2.65 2.53 75116;2.58 2.68 2.68 2.57 77547;2.66 2.65 2.69 2.64 52530;2.64 2.62 2.64 2.6 49732;2.62 2.62 2.63 2.6 40400;2.62 2.65 2.65 2.59 42643;2.63 2.62 2.65 2.61 46501;2.61 2.58 2.61 2.57 47383;2.58 2.58 2.63 2.56 59982;2.58 2.57 2.58 2.54 45948;2.57 2.57 2.59 2.56 32090;2.57 2.56 2.6 2.55 46236;2.57 2.56 2.57 2.53 40846;2.55 2.6 2.64 2.54 88460;2.62 2.64 2.65 2.59 76206;2.64 2.68 2.7 2.63 101138;2.67 2.71 2.72 2.65 99058;2.69 2.75 2.83 2.67 202548;2.74 2.7 2.75 2.67 98070;2.71 2.82 2.88 2.68 327985;2.81 2.79 2.89 2.77 214934;2.79 2.76 2.81 2.73 124898;2.76 2.8 2.84 2.75 172554;2.78 2.79 2.8 2.76 105453;2.76 2.67 2.78 2.66 157740;2.67 2.71 2.73 2.66 73970;2.7 2.82 2.9 2.69 277738;2.82 2.8 2.84 2.75 168709;2.79 2.85 2.85 2.78 209618;2.85 2.85 2.87 2.82 162978;2.85 2.8 2.86 2.79 121274;2.8 2.74 2.8 2.73 93287;2.74 2.75 2.77 2.73 57555;2.75 2.77 2.8 2.73 86636;2.81 2.77 2.89 2.76 152295;2.76 2.71 2.77 2.7 99383;2.71 2.7 2.72 2.67 36486;2.71 2.65 2.73 2.64 69425;2.65 2.62 2.67 2.6 61942;2.62 2.6 2.64 2.58 42945;2.61 2.61 2.66 2.6 52995;2.61 2.6 2.63 2.59 63559;2.61 2.51 2.62 2.49 141121;2.53 2.54 2.55 2.5 109565;2.55 2.54 2.58 2.53 75330;2.54 2.54 2.55 2.51 92940;2.54 2.55 2.56 2.52 49208;2.55 2.52 2.55 2.51 48514;2.51 2.43 2.51 2.43 80703;2.44 2.45 2.48 2.4 46935;2.45 2.43 2.47 2.41 46154;2.42 2.4 2.43 2.39 46963;2.4 2.34 2.4 2.34 53847;2.35 2.34 2.36 2.32 38071;2.34 2.38 2.38 2.32 45237;2.37 2.37 2.39 2.35 36788;2.37 2.37 2.4 2.34 47831;2.37 2.37 2.38 2.33 38527;2.37 2.4 2.4 2.35 37171;2.39 2.42 2.43 2.39 37434;2.42 2.47 2.47 2.42 54098;2.47 2.45 2.48 2.44 38869;2.45 2.47 2.49 2.44 58688;2.46 2.46 2.49 2.44 56761;2.46 2.49 2.5 2.46 39117;2.49 2.5 2.52 2.49 34117;2.5 2.49 2.51 2.48 25279;2.48 2.5 2.5 2.45 36423;2.5 2.54 2.55 2.48 46748;2.54 2.55 2.55 2.52 58799;2.55 2.55 2.57 2.51 81345;2.53 2.51 2.54 2.49 68969;2.51 2.52 2.53 2.5 66717;2.52 2.52 2.52 2.5 83689;2.52 2.49 2.52 2.47 77002;2.49 2.5 2.5 2.46 117092;2.49 2.51 2.54 2.49 141222;2.51 2.45 2.51 2.43 114566;2.45 2.4 2.45 2.38 81867;2.38 2.36 2.43 2.35 89130;2.34 2.34 2.37 2.25 166213;2.32 2.31 2.34 2.3 90848;2.31 2.35 2.35 2.31 55036;2.36 2.38 2.38 2.34 55448;2.37 2.37 2.38 2.35 50271;2.38 2.37 2.38 2.35 41989;2.38 2.42 2.43 2.38 111269;2.4 2.39 2.41 2.37 51024;2.38 2.31 2.38 2.31 50839;2.29 2.3 2.33 2.28 42496;2.3 2.33 2.33 2.3 35825;2.33 2.35 2.35 2.31 37362;2.33 2.33 2.35 2.31 29161;2.32 2.35 2.35 2.32 33174;2.35 2.34 2.36 2.32 64041;2.34 2.37 2.38 2.32 63268;2.36 2.38 2.45 2.36 133672;2.37 2.42 2.43 2.36 98418;2.41 2.49 2.52 2.41 180050;2.5 2.49 2.55 2.46 175452;2.48 2.46 2.5 2.45 74457;2.46 2.46 2.49 2.4 109611;2.45 2.49 2.53 2.44 131572;2.49 2.46 2.52 2.44 81459;2.46 2.49 2.51 2.43 99889;2.48 2.49 2.5 2.46 63018;2.5 2.47 2.52 2.46 74860;2.46 2.47 2.48 2.44 45731;2.45 2.49 2.49 2.45 82116;2.48 2.48 2.49 2.46 48315;2.48 2.51 2.51 2.47 129048;2.5 2.54 2.55 2.48 216046;2.53 2.6 2.6 2.52 263568;2.6 2.56 2.6 2.53 162281;2.56 2.54 2.58 2.52 77237;2.55 2.57 2.6 2.5 136587;2.55 2.58 2.59 2.52 125550;2.56 2.49 2.56 2.48 109668;2.49 2.57 2.67 2.48 198007;2.54 2.57 2.61 2.52 127209;2.57 2.5 2.57 2.5 94655;2.51 2.56 2.62 2.51 233339;2.55 2.52 2.61 2.5 160540;2.5 2.42 2.54 2.33 230372;2.4 2.5 2.55 2.38 174678;2.49 2.58 2.62 2.47 296749;2.58 2.59 2.65 2.54 221741;2.57 2.52 2.59 2.52 114932;2.52 2.56 2.58 2.51 105553;2.55 2.5 2.55 2.48 104602;2.5 2.58 2.58 2.5 139693;2.57 2.59 2.6 2.54 127845;2.59 2.62 2.65 2.56 286309;2.61 2.56 2.64 2.54 173782;2.55 2.71 2.8 2.5 414582;2.66 2.62 2.67 2.58 187758;2.61 2.58 2.62 2.55 127629;2.57 2.6 2.6 2.54 82152;2.59 2.59 2.64 2.55 162851;2.58 2.56 2.58 2.54 101963;2.56 2.55 2.57 2.54 79230;2.55 2.52 2.55 2.51 81740;2.52 2.52 2.53 2.48 98411;2.51 2.49 2.52 2.48 70032;2.49 2.49 2.5 2.47 67608;2.49 2.5 2.51 2.48 34487;2.5 2.46 2.5 2.45 48813;2.45 2.49 2.5 2.45 59308;2.48 2.46 2.49 2.43 67338;2.44 2.46 2.47 2.43 32003;2.46 2.52 2.54 2.46 138466;2.51 2.5 2.52 2.49 61685;2.5 2.53 2.59 2.5 144834;2.52 2.55 2.62 2.49 174177;2.55 2.55 2.56 2.53 79913;2.54 2.51 2.54 2.51 51263;2.52 2.52 2.56 2.5 70676;2.52 2.44 2.53 2.42 90608;2.45 2.46 2.47 2.43 39977;2.46 2.47 2.49 2.44 55986;2.47 2.55 2.59 2.46 207429;2.53 2.52 2.55 2.51 113240;2.53 2.54 2.55 2.53 72884;2.53 2.59 2.6 2.52 213057;2.61 2.59 2.63 2.57 163360;2.58 2.65 2.77 2.56 370571;2.66 2.92 2.92 2.61 965760;3.0 3.21 3.21 2.93 2302596;3.1 2.91 3.1 2.89 1515386;
2.85 2.82 2.86 2.75 679039;2.81 2.81 2.82 2.75 391005;2.8 2.78 2.86 2.76 422249;2.75 2.74 2.79 2.72 309420;2.75 2.8 2.81 2.75 282930;2.8 2.81 2.81 2.77 225152;2.8 2.78 2.8 2.76 215107;2.77 2.83 2.84 2.75 327861;2.81 2.79 2.81 2.76 156112;2.77 2.77 2.79 2.75 138954;2.77 2.7 2.77 2.69 229777;2.69 2.72 2.73 2.68 170128;2.71 2.76 2.81 2.69 359572;2.73 2.74 2.76 2.71 217749;2.75 2.76 2.77 2.73 154077;2.77 2.81 2.82 2.76 317995;2.81 2.82 2.84 2.79 289862;2.81 2.81 2.84 2.79 222322;2.81 2.83 2.83 2.8 203422;2.82 2.79 2.84 2.78 225165;2.79 2.82 2.82 2.78 161050;2.83 2.92 2.96 2.81 723645;2.9 2.88 2.9 2.85 366427;2.88 2.84 2.9 2.83 256104;2.84 2.85 2.86 2.82 150709;2.84 2.88 2.89 2.84 178012;2.88 2.9 2.9 2.85 168832;2.9 2.88 2.9 2.84 155997;2.87 2.85 2.9 2.84 220524;2.85 2.88 2.89 2.84 169941;2.94 2.94 2.96 2.91 384243;2.92 2.92 2.93 2.89 240171;2.93 2.97 3.05 2.91 498556;2.96 2.98 2.99 2.91 364339;2.97 3.13 3.19 2.95 856322;3.09 3.09 3.16 3.07 520403;3.08 3.04 3.15 3.0 450729;3.02 2.99 3.04 2.97 242723;2.98 2.93 3.0 2.92 192439;2.93 2.95 2.95 2.9 150816;2.95 3.01 3.05 2.93 217936;3.02 3.21 3.3 3.02 973353;3.25 3.15 3.31 3.12 744750;3.16 3.24 3.25 3.14 502704;3.25 3.37 3.48 3.18 1049119;3.37 3.45 3.52 3.31 899117;3.41 3.46 3.5 3.31 699081;3.42 3.53 3.75 3.38 958218;3.5 3.55 3.63 3.45 576303;3.56 3.54 3.64 3.5 630137;3.54 3.37 3.54 3.35 649854;3.35 3.53 3.54 3.27 817830;3.52 3.54 3.7 3.45 782898;3.5 3.48 3.52 3.43 413891;3.44 3.49 3.55 3.42 432341;3.47 3.49 3.52 3.44 283342;3.48 3.5 3.51 3.44 337604;3.5 3.59 3.74 3.47 952999;3.56 3.56 3.64 3.53 442667;3.57 3.58 3.64 3.56 357118;3.59 3.59 3.64 3.55 334645;3.62 3.64 3.68 3.58 482799;3.64 3.62 3.66 3.57 402640;3.6 3.57 3.62 3.56 332590;3.56 3.53 3.58 3.47 340677;3.51 3.53 3.57 3.5 243960;3.53 3.51 3.53 3.46 221300;3.48 3.43 3.52 3.43 264067;3.42 3.35 3.43 3.28 335397;3.35 3.46 3.47 3.35 338336;3.45 3.4 3.49 3.4 173912;3.4 3.36 3.44 3.35 164096;3.36 3.4 3.41 3.27 258936;3.38 3.39 3.43 3.35 158419;3.39 3.4 3.44 3.36 144819;3.43 3.47 3.48 3.43 253391;3.47 3.59 3.63 3.45 810464;3.57 3.95 3.95 3.55 2508582;3.98 3.95 4.05 3.84 2093502;
3.98 4.32 4.34 3.95 1811298;4.29 4.19 4.6 4.17 2215858;4.23 4.18 4.36 4.02 1516156;4.08 4.13 4.21 4.04 944352;4.17 4.12 4.19 4.06 839904;4.15 4.45 4.48 4.11 1809318;4.42 4.12 4.42 4.1 1662623;4.07 4.12 4.13 3.98 840536;4.1 4.03 4.1 3.99 616563;4.0 3.94 4.0 3.9 455763;3.94 4.03 4.09 3.92 514294;4.05 4.1 4.17 4.04 634377;4.11 4.13 4.24 4.03 851940;4.07 4.07 4.12 4.03 461654;4.05 4.09 4.11 4.04 404768;4.15 4.13 4.17 4.07 648999;4.13 4.25 4.3 4.12 963953;4.25 4.19 4.27 4.13 666841;4.21 4.16 4.21 4.11 589467;4.15 4.19 4.24 4.12 738375;4.2 4.13 4.22 4.11 604160;4.13 4.17 4.2 4.11 643041;4.16 4.19 4.24 4.12 967645;4.18 4.29 4.3 4.15 1244806;4.27 4.14 4.28 4.01 1075844;4.18 4.44 4.45 4.18 1690463;4.44 4.43 4.88 4.32 2395139;4.45 4.87 4.87 4.4 1816972;4.9 4.97 5.23 4.85 2135897;4.97 4.79 4.99 4.7 1246705;4.8 4.7 4.83 4.54 868765;4.68 4.76 4.79 4.58 754393;4.74 4.78 4.87 4.64 867563;4.75 4.74 4.82 4.66 642811;4.73 4.95 5.06 4.73 1506495;5.02 4.62 5.05 4.6 1168196;4.61 4.66 4.74 4.51 648546;4.66 4.67 4.74 4.6 482807;4.67 4.82 4.84 4.67 670923;4.85 4.91 5.0 4.74 883045;4.9 4.81 4.94 4.75 679335;4.8 4.62 4.8 4.6 509424;4.61 4.65 4.68 4.57 335652;4.66 4.78 4.79 4.66 578973;4.75 4.81 4.94 4.71 735512;4.81 4.77 4.82 4.72 416100;4.76 4.75 4.94 4.63 996472;4.7 4.76 4.88 4.66 837502;4.68 4.63 4.78 4.55 518297;4.63 4.62 4.72 4.59 329736;4.66 4.55 4.71 4.51 367495;4.55 4.64 4.65 4.46 392218;4.6 4.64 4.67 4.59 333072;4.4 4.19 4.5 4.18 793790;4.23 4.35 4.35 4.17 503210;4.35 4.47 4.47 4.31 467342;4.47 4.52 4.58 4.42 468801;4.52 4.52 4.61 4.47 445607;4.51 4.55 4.58 4.47 338373;4.54 5.01 5.01 4.4 1297840;5.2 5.25 5.5 5.13 3716436;5.03 5.04 5.16 5.01 1441557;5.08 4.87 5.13 4.85 1011693;4.76 4.85 4.99 4.75 739662;4.85 4.9 4.92 4.78 604687;4.89 4.83 5.0 4.81 671637;4.89 4.77 4.93 4.75 624262;4.79 4.54 4.8 4.49 606866;4.5 4.5 4.55 4.42 338858;4.54 4.57 4.58 4.5 302565;4.58 4.59 4.61 4.53 273020;4.58 4.68 4.71 4.56 424165;4.68 4.71 4.78 4.67 431195;4.73 4.75 4.76 4.69 327605;4.76 4.82 4.84 4.73 427088;4.85 4.93 5.06 4.82 811984;4.97 5.03 5.06 4.88 920456;5.06 5.18 5.38 4.98 1371090;5.18 5.14 5.18 5.06 814074;5.11 5.2 5.48 5.02 1864340;5.15 5.17 5.26 5.12 734577;5.17 5.07 5.18 5.02 692296;5.06 5.04 5.15 5.03 439704;5.1 5.13 5.14 5.03 544236;5.13 5.16 5.21 5.09 588986;5.14 5.06 5.16 5.04 534766;5.06 5.07 5.09 5.02 460706;5.07 5.13 5.15 5.06 544576;5.15 5.22 5.22 5.12 814157;5.22 5.39 5.45 5.18 1751376;5.37 5.6 5.77 5.33 2050937;5.55 5.57 5.72 5.47 1534455;5.57 5.61 5.65 5.51 1104736;5.64 5.77 5.78 5.64 1470120;5.71 5.95 6.15 5.46 2452877;
